 4035 3951
 6845 6879
 8290 8319
 12639 12687
 15615 15653
 32037 32137
 65673 65736
 6724 6734
 8288 8219
 12803 12875
 15563 15599
 32441 32535
 0.816091 0.847005 0.849446 0.838161 0.827929 0.848269 0.841295 0.833326 0.832681 0.839319 0.827021 0.841677 0.856185 0.853748 0.848888 0.851565 0.839337 0.839559 0.851839 0.830654 cycles/instruction 
 4034
 0.731642 0.746403 0.748245 0.733814 0.753109 0.741496 0.737179 0.734905 0.745709 0.748431 cycles/instruction 
 6797
 0.707897 0.742054 0.732439 0.735201 0.739241 0.720176 0.719949 0.713513 cycles/instruction 
 8222
 0.682388 0.688793 0.70748 0.707054 0.714597 cycles/instruction 
 12713
 0.67966 0.704346 0.703827 0.708558 cycles/instruction 
 15811
 0.671757 0.677379 cycles/instruction 
 31875
 0.665313 cycles/instruction 
 65616
 0.732135 0.74044 0.729644 0.729778 0.744861 0.744686 0.745559 0.732764 0.741728 0.743892 cycles/instruction 
 6723
 0.700109 0.733765 0.720072 0.726219 0.731304 0.732456 0.722852 0.729459 cycles/instruction 
 8243
 0.683796 0.690472 0.707596 0.707156 0.711622 cycles/instruction 
 12718
 0.684066 0.688892 0.707125 0.710371 cycles/instruction 
 15775
 0.676131 0.682857 cycles/instruction 
 32093
 0.0337104 0.0331514 0.0331384 0.0331925 0.0332181 0.0331194 0.0333314 0.0331529 0.0331443 0.0331866 0.0331705 0.0333172 0.03322 0.0331715 0.0332177 0.0331745 0.033168 0.0331404 0.0331681 0.0331513 pred ratio 
 53571
 0.0428058 0.0400378 0.0400115 0.0401391 0.0399316 0.040128 0.0398785 0.0399379 0.0402396 0.0399295 0.0398616 0.0400942 0.0400119 0.0398513 0.0395559 0.0401213 0.04007 0.0399551 0.0402351 0.040042 pred ratio 
 4002
 0.0686451 0.0299907 0.0346208 0.0299536 0.0293103 0.0301866 0.0302857 0.0378473 0.0369258 0.0331286 0.0347941 0.0318995 0.0326197 0.0349979 0.028759 0.0330685 0.0322458 0.0313328 0.0313611 0.0331121 pred ratio 
 236
 0.916159 0.915256 0.915176 0.91549 0.926652 0.909153 0.919986 0.917204 0.914175 0.918515 0.911317 0.916322 0.916298 0.913052 0.917243 0.912781 0.914978 0.919598 0.91465 0.917762 l2 miss ratio 
 0.0121794 0.0090609 0.0112491 0.0100545 0.00992896 0.0103377 0.00921854 0.00963685 0.0102065 0.0107515 0.00997169 0.00939914 0.00927079 0.0106776 0.0100122 0.00942809 0.010203 0.0107559 0.00913813 0.0102354 l3 miss ratio 
 53031
 0.763424 0.77599 0.74778 0.750569 0.746775 0.776236 0.773085 0.763915 0.774983 0.764171 0.778296 0.789073 0.747155 0.760357 0.772324 0.765672 0.789168 0.770759 0.77829 0.79971 l2 miss ratio 
 0.00586547 0.0018588 0.00230849 0.00213971 0.00223704 0.00201624 0.00214523 0.00223348 0.00168137 0.00240792 0.0019034 0.00184987 0.0029127 0.0027477 0.0025476 0.00224216 0.00162755 0.00197175 0.00226708 0.00214052 l3 miss ratio 
 3878
 0.149483 0.100105 0.103385 0.0978248 0.10429 0.100841 0.111414 0.0930394 0.116557 0.0879119 0.0907855 0.108943 0.091581 0.0989049 0.100328 0.0874834 0.0938757 0.107411 0.0982475 0.0765415 l2 miss ratio 
 0.273253 0.188126 0.182347 0.129292 0.182473 0.151241 0.14505 0.158466 0.17414 0.143655 0.163598 0.174776 0.184427 0.195397 0.157261 0.136283 0.191753 0.22671 0.127182 0.222178 l3 miss ratio 
 247
 204
 21689
 0.673226 0.687024 0.689035 0.686635 0.663182 0.661957 0.66205 0.663858 0.66002 0.687271 0.666202 0.704421 0.66228 0.697708 0.706852 0.702755 0.693055 0.685735 0.658848 0.679572 l2 miss ratio 
 0.00818528 0.00101051 0.00105998 0.000993558 0.00108697 0.00114557 0.00113597 0.0011838 0.00107185 0.00104377 0.00108732 0.00103017 0.00120085 0.00105269 0.000979062 0.00096125 0.00098678 0.0010194 0.00113413 0.00110596 l3 miss ratio 
 748
 0.868488 0.876029 0.874132 0.880591 0.872469 0.871345 0.866076 0.873416 0.879421 0.871198 0.872273 0.868465 0.871457 0.875166 0.873433 0.881826 0.868613 0.872965 0.881788 0.867899 l2 miss ratio 
 0.0127508 0.0119744 0.0132999 0.0129957 0.0123994 0.0127445 0.0130364 0.0132122 0.012533 0.0131038 0.012702 0.0130089 0.0130415 0.0133588 0.0122376 0.0121463 0.0139707 0.0127415 0.0123045 0.0130601 l3 miss ratio 
 126815
