 2017 1999
 3893 4484
 4571 4575
 7508 7533
 9525 9550
 20884 20938
 45651 45537
 3668 3669
 4642 4652
 7532 7530
 9505 9501
 20882 20947
 0.389441 0.37911 0.37764 0.375539 0.375787 0.372724 0.374153 0.373448 0.376371 0.373456 0.38275 0.376098 0.372837 0.367233 0.372986 0.366453 0.373756 0.364643 0.367063 0.369293 cycles/instruction 
 13369425720 13040055447 13075375719 13136742183 13153120403 13207216616 13221464787 13080824742 13107378854 13200130625 12906811253 13118115682 13033071991 13177744211 13007572932 13227838855 12993742086 13218153427 13184480446 12993974652 # instructions retired 
 1843
 0.367909 0.360325 0.355303 0.35725 0.360331 0.359465 0.358792 0.35965 0.359034 0.36001 cycles/instruction 
 29990847821 28431062190 28736180998 29732008720 28502743785 26849796218 29290394669 27834817346 29454758094 29263778155 # instructions retired 
 3757
 0.363262 0.355649 0.358579 0.359737 0.357733 0.357033 0.353439 0.354543 cycles/instruction 
 37426935063 37210848357 36852998586 36645971198 36686045890 36739376187 37104893270 37023401126 # instructions retired 
 4544
 0.354184 0.349705 0.351386 0.352292 0.351744 cycles/instruction 
 63849317171 63592246477 62775198260 62824969650 62880953679 # instructions retired 
 7485
 0.353329 0.350318 0.350376 0.346488 cycles/instruction 
 80966397305 80698173023 80723499807 81557220928 # instructions retired 
 9460
 0.346741 0.345192 cycles/instruction 
 182025914262 181824106214 # instructions retired 
 20725
 0.34238 cycles/instruction 
 404556528430 # instructions retired 
 45348
 0.368378 0.36629 0.359368 0.364818 0.359807 0.361738 0.362868 0.358799 0.359986 0.363057 cycles/instruction 
 29407755809 28686841273 28771990397 28519326185 28898009220 28689802834 28649376820 29004759755 28895056860 28596360541 # instructions retired 
 3648
 0.361603 0.36544 0.358312 0.359372 0.356751 0.35941 0.353197 0.361051 cycles/instruction 
 37714186220 36520742068 37154903787 36795025054 36911000444 36731626773 37241214346 36644879484 # instructions retired 
 4574
 0.353864 0.349918 0.352511 0.351767 0.35183 cycles/instruction 
 63907141292 63583602015 62780749302 62765819574 62884091449 # instructions retired 
 7488
 0.350657 0.347471 0.350692 0.350708 cycles/instruction 
 81733791269 81314582800 80365476938 80528628127 # instructions retired 
 9451
 0.347048 0.345634 cycles/instruction 
 182045151698 181804374127 # instructions retired 
 20748
 0.00858855 0.00865478 0.0085722 0.00846202 0.00858099 0.00852751 0.00872899 0.00856493 0.00856408 0.00859987 0.0085652 0.00873721 0.0083478 0.00825991 0.00839256 0.0082854 0.0083314 0.00828713 0.00834319 0.00829421 pred ratio 
 17642
 0.0194743 0.0191619 0.0185059 0.0189079 0.0191506 0.0188634 0.018827 0.0190862 0.0190066 0.0189228 0.0190543 0.0188036 0.0175988 0.0185988 0.0180507 0.0180498 0.0178469 0.0180215 0.0179857 0.0180661 pred ratio 
 1867
 0.00746201 0.0200522 0.0201509 0.0239178 0.0202098 0.0240813 0.0237094 0.0193477 0.0261099 0.0200247 0.0232428 0.0205272 0.0226508 0.0215823 0.0192954 0.0213206 0.0216334 0.0183413 0.018244 0.0180015 pred ratio 
 178
 1.47559 1.45341 1.40806 1.42311 1.45744 1.4445 1.43866 1.3973 1.44566 1.43045 1.43093 1.43764 1.47469 1.42655 1.46553 1.44764 1.44082 1.43073 1.41162 1.46068 l2 miss ratio 
 348061830 342899545 345259821 354975348 343469838 343793200 347138340 356178459 345176384 347059442 347394563 345752103 340435476 354344846 343728744 341648100 338663470 355249549 349264325 342973451 total l2 accesses 
 0.0452655 0.0319651 0.0319714 0.0323307 0.0330958 0.0328057 0.0328815 0.0322095 0.0325776 0.0317188 0.0310035 0.03207 0.0318278 0.0306046 0.0316338 0.0329251 0.0317146 0.0316498 0.030874 0.0325685 l3 miss ratio 
 513597757 498373664 486144983 505167758 500585168 496607858 499414599 497686722 499006208 496449521 497098004 497066644 502037404 505492073 503743170 494584735 487954475 508265438 493029347 500975700 total l3 accesses 
 17043
 1.34724 1.31718 1.32528 1.30661 1.29647 1.33255 1.3053 1.30318 1.30202 1.31106 1.31738 1.30832 1.30983 1.31036 1.32296 1.30156 1.33007 1.32172 1.31924 1.33082 l2 miss ratio 
 56794422 51732261 51194310 52286382 52172821 51819954 51476670 51800560 52309501 51202931 51516795 51813690 51845108 51795191 51122275 52660515 51371452 51866191 51211068 51095952 total l2 accesses 
 0.0595826 0.0322095 0.0315195 0.0330181 0.0321936 0.0323163 0.031798 0.0320075 0.0326821 0.0325905 0.0332001 0.0309819 0.0318048 0.0314733 0.032957 0.0336127 0.0337892 0.0314971 0.0330747 0.032928 l3 miss ratio 
 76515671 68140772 67847043 68317660 67640697 69052864 67192370 67505251 68107783 67130181 67867400 67788875 67908471 67870327 67632884 68540777 68327506 68552520 67559488 67999631 total l3 accesses 
 1928
 1.64737 2.4398 2.36498 2.22621 2.3004 2.18862 2.15738 2.25914 2.13608 2.14918 2.23878 2.1876 2.29897 2.40712 2.3519 3.60489 2.3879 2.42296 2.35477 2.37783 l2 miss ratio 
 4046521 261050 269580 285456 273253 279149 283636 270877 287592 283716 270215 275301 263746 256303 267954 171052 261433 262672 268795 267282 total l2 accesses 
 0.375935 0.429588 0.430901 0.437584 0.435565 0.417187 0.414946 0.418186 0.417294 0.414857 0.420976 0.414935 0.421174 0.415699 0.432906 0.403525 0.42853 0.424645 0.423412 0.428437 l3 miss ratio 
 6666105 636910 637550 635485 628591 610952 611911 611948 614320 609757 604952 602249 606345 616953 630201 616624 624276 636444 632951 635552 total l3 accesses 
 192
 120
 12356
 0.99663 0.917894 0.935613 0.839694 0.929778 0.912061 0.929345 0.832002 0.940074 0.927331 0.936383 0.935666 0.936592 0.840005 0.935113 0.941543 0.928038 0.937186 0.930225 0.922908 l2 miss ratio 
 13517066 11571983 11524820 12992686 11825932 11728612 11773220 12881174 11674122 11593424 11309385 11644241 11475071 13043622 11465094 11624587 11768043 11691309 11666321 11597408 total l2 accesses 
 0.0676014 0.0206731 0.0223758 0.0223028 0.0240468 0.0215504 0.0214781 0.0210876 0.021567 0.023201 0.022177 0.0202541 0.0208371 0.0223809 0.0217927 0.0211962 0.0218445 0.0213486 0.0211925 0.0217475 l3 miss ratio 
 13471517 10621859 10782774 10909877 10995490 10697212 10941382 10717165 10974538 10750946 10589914 10895119 10747463 10956711 10721163 10945046 10921191 10956932 10852306 10703336 total l3 accesses 
 388
 1.39265 1.34909 1.3697 1.39487 1.3899 1.37659 1.36651 1.37753 1.37604 1.36877 1.37126 1.37493 1.36392 1.36427 1.38272 1.35867 1.3817 1.38145 1.37686 1.39425 l2 miss ratio 
 1172882133 1117774861 1118720522 1116327021 1123364163 1130091445 1129328406 1128375325 1119717249 1121838951 1095216375 1119461501 1106153847 1139863835 1108346637 1120864023 1118548970 1102758925 1130268331 1113761194 total l2 accesses 
 0.112574 0.097145 0.0919946 0.092605 0.0940228 0.0932399 0.0934181 0.0930126 0.0927907 0.0956827 0.093225 0.0967646 0.0944968 0.0943773 0.0970793 0.0940586 0.0953844 0.0924525 0.0948847 0.0946586 l3 miss ratio 
 1633416019 1507982350 1532313213 1557132813 1561366593 1555674706 1543237228 1554371327 1540773437 1535534256 1501827814 1539180874 1508700001 1555080519 1532530131 1522882895 1545498349 1523405897 1556224209 1552856117 total l3 accesses 
 59715
